26
83
160
2
247
63
242
197
61
48
16
80
174
5
114
237
206
10
209
44
211
91
233
44
17
4
230
240
136
3
24
41
16
77
223
31
22
44
213
226
183
79
187
164
61
74
149
81
193
89
55
97
226
25
6
121
106
32
229
20
57
8
50
48
50
168
157
48
183
208
151
242
166
66
67
35
60
234
171
224
136
78
202
187
106
241
65
62
160
126
13
99
121
39
156
6
222
133
32
4
175
194
225
54
192
109
18
211
129
96
171
58
43
125
93
13
55
12
164
231
58
88
154
121
199
95
1
80
140
167
244
182
33
47
189
201
193
12
223
160
98
98
36
122
60
153
224
106
177
241
